// Turn into an MNI-space ROI volume with something like (requires AFNI):
//   3dUndump -master /opt/quarantine/FSL/6.0.0/build/fsl/data/standard/MNI152_T1_2mm.nii.gz -xyz -srad 6 -prefix MNI2mm_Yeo780_6mmspheres.nii.gz Yeo7_2011_80vertx_coords.labels
//
// x y z label
-27	-4	52	1
27	-6	51	2
-49	4	31	3
49	6	28	4
-29	-72	31	5
34	-68	34	6
-24	-58	60	7
18	-60	62	8
-44	-34	42	9
49	-30	44	10
-47	-64	-2	11
53	-58	-5	12
-32	21	48	13
16	40	46	14
-6	58	21	15
6	58	21	16
-9	46	-4	17
9	44	-5	18
-11	-50	32	19
7	-56	29	20
-47	-60	30	21
50	-59	26	22
-58	-37	-3	23
58	-31	-3	24
-61	-10	-19	25
61	-6	-17	26
-6	24	41	27
6	25	43	28
-22	11	53	29
24	11	53	30
-43	23	33	31
45	24	34	32
-37	46	15	33
36	54	6	34
-33	19	-6	35
31	24	-6	36
-7	-71	44	37
8	-70	46	38
-48	-48	48	39
40	-55	45	40
-56	-50	-17	41
59	-40	-15	42
-9	9	37	43
9	10	39	44
-10	-1	69	45
11	-1	70	46
-46	-3	50	47
52	1	45	48
-53	8	1	49
55	9	3	50
-30	40	29	51
29	44	26	52
-37	9	-1	53
40	12	-2	54
-15	-33	40	55
14	-30	40	56
-61	-30	26	57
61	-35	32	58
-53	-58	8	59
56	-50	8	60
-4	-16	56	61
5	-15	56	62
-26	-31	60	63
26	-29	60	64
-54	-12	33	65
54	-9	33	66
-38	-14	11	67
40	-11	11	68
-59	-15	5	69
60	-9	3	70
-36	-84	6	71
41	-79	6	72
-16	-90	23	73
22	-87	24	74
-2	-85	10	75
5	-83	12	76
-11	-81	-10	77
13	-77	-8	78
-27	-62	-11	79
28	-57	-12	80
